# Model Configuration
# Input dimension: 579
# Output dimension: 1000
# Hidden layers: [256, 128, 64]
# Activation: relu {}
# Output activation: elu {'alpha': 0.01, 'beta': 0.01}
# Optimizer: adam {'lr': 0.001}
# Dropout rate: 0.0
# Batch normalization: False
# Residual connections: False
# Weight decay: 0.0
# Training Metrics
epoch,rmse,loss,learning_rate,batch_size,time
0,0.177802,0.031614,0.001000,27,1749181993.8
10,0.122798,0.015079,0.001000,27,1749181994.9
20,0.134417,0.018068,0.001000,27,1749181996.0
30,0.139775,0.019537,0.001000,27,1749181997.0
40,0.135904,0.018470,0.001000,27,1749181998.0
50,0.113194,0.012813,0.001000,27,1749181999.0
60,0.118429,0.014025,0.001000,27,1749182000.1
70,0.122477,0.015001,0.001000,27,1749182001.1
80,0.107820,0.011625,0.001000,27,1749182002.2
90,0.119405,0.014258,0.001000,27,1749182003.3
100,0.110426,0.012194,0.001000,27,1749182004.4
110,0.103824,0.010780,0.001000,27,1749182005.6
120,0.103278,0.010666,0.001000,27,1749182006.7
130,0.100982,0.010197,0.001000,27,1749182007.9
140,0.099321,0.009865,0.001000,27,1749182009.2
150,0.100691,0.010139,0.001000,27,1749182010.4
160,0.093526,0.008747,0.001000,27,1749182011.6
170,0.102210,0.010447,0.001000,27,1749182012.8
180,0.095807,0.009179,0.001000,27,1749182014.0
190,0.095420,0.009105,0.001000,27,1749182015.1
200,0.098186,0.009640,0.001000,27,1749182016.3
210,0.096417,0.009296,0.001000,27,1749182017.4
220,0.093535,0.008749,0.001000,27,1749182018.6
230,0.092339,0.008527,0.001000,27,1749182019.7
240,0.089966,0.008094,0.001000,27,1749182020.9
250,0.093145,0.008676,0.001000,27,1749182022.0
260,0.090223,0.008140,0.001000,27,1749182023.2
270,0.090133,0.008124,0.001000,27,1749182024.3
280,0.088855,0.007895,0.001000,27,1749182025.5
290,0.090275,0.008150,0.001000,27,1749182026.6
300,0.093725,0.008784,0.001000,27,1749182027.8
310,0.086365,0.007459,0.001000,27,1749182028.9
320,0.090347,0.008163,0.001000,27,1749182030.1
330,0.089971,0.008095,0.001000,27,1749182031.4
340,0.091328,0.008341,0.001000,27,1749182032.5
350,0.087630,0.007679,0.001000,27,1749182033.9
360,0.085589,0.007325,0.001000,27,1749182035.0
370,0.087587,0.007671,0.001000,27,1749182036.0
380,0.097237,0.009455,0.001000,27,1749182037.0
390,0.083925,0.007043,0.001000,27,1749182038.0

# Total execution time: 62.78 seconds
