# Model Configuration
# Input dimension: 579
# Output dimension: 1000
# Hidden layers: [256, 128]
# Activation: relu {}
# Output activation: elu {'alpha': 0.01, 'beta': 0.01}
# Optimizer: adamw {'lr': 0.001}
# Dropout rate: 0.0
# Batch normalization: False
# Residual connections: False
# Weight decay: 0.01
# Training Metrics
epoch,rmse,loss,learning_rate,batch_size,time
0,0.191570,0.036699,0.001000,27,1749181791.3
10,0.139120,0.019354,0.001000,27,1749181792.3
20,0.134018,0.017961,0.001000,27,1749181793.4
30,0.107682,0.011595,0.001000,27,1749181794.4
40,0.111487,0.012429,0.001000,27,1749181795.4
50,0.101194,0.010240,0.001000,27,1749181796.3
60,0.096336,0.009281,0.001000,27,1749181797.3
70,0.097411,0.009489,0.001000,27,1749181798.3
80,0.091492,0.008371,0.001000,27,1749181799.2
90,0.086407,0.007466,0.001000,27,1749181800.2
100,0.084491,0.007139,0.001000,27,1749181801.2
110,0.084095,0.007072,0.001000,27,1749181802.2
120,0.083590,0.006987,0.001000,27,1749181803.2
130,0.079262,0.006282,0.001000,27,1749181804.2
140,0.080934,0.006550,0.001000,27,1749181805.3
150,0.077764,0.006047,0.001000,27,1749181806.4
160,0.080848,0.006536,0.001000,27,1749181807.5
170,0.072909,0.005316,0.001000,27,1749181808.5
180,0.074135,0.005496,0.001000,27,1749181809.6
190,0.073662,0.005426,0.001000,27,1749181810.7
200,0.074526,0.005554,0.001000,27,1749181811.7
210,0.073965,0.005471,0.001000,27,1749181812.8
220,0.074406,0.005536,0.001000,27,1749181813.9
230,0.070886,0.005025,0.001000,27,1749181815.0
240,0.073418,0.005390,0.001000,27,1749181816.1
250,0.068582,0.004703,0.001000,27,1749181817.2
260,0.071839,0.005161,0.001000,27,1749181818.3
270,0.074455,0.005543,0.001000,27,1749181819.5
280,0.069060,0.004769,0.001000,27,1749181820.6
290,0.069176,0.004785,0.001000,27,1749181821.7
300,0.071193,0.005068,0.001000,27,1749181822.7
310,0.070927,0.005031,0.001000,27,1749181823.7
320,0.071199,0.005069,0.001000,27,1749181824.7
330,0.064950,0.004219,0.001000,27,1749181825.8
340,0.069132,0.004779,0.001000,27,1749181826.8
350,0.066954,0.004483,0.001000,27,1749181827.7
360,0.066627,0.004439,0.001000,27,1749181828.7
370,0.066912,0.004477,0.001000,27,1749181829.7
380,0.067570,0.004566,0.001000,27,1749181830.7
390,0.069053,0.004768,0.001000,27,1749181831.6

# Total execution time: 59.44 seconds
