# Model Configuration
# Input dimension: 579
# Output dimension: 1000
# Hidden layers: [512, 512]
# Activation: relu {}
# Output activation: elu {'alpha': 0.01, 'beta': 0.01}
# Optimizer: adam {'lr': 0.001}
# Dropout rate: 0.0
# Batch normalization: False
# Residual connections: False
# Weight decay: 0.0
# Training Metrics
epoch,rmse,loss,learning_rate,batch_size,time
0,0.166528,0.027732,0.001000,27,1749181856.7
10,0.125460,0.015740,0.001000,27,1749181857.8
20,0.103355,0.010682,0.001000,27,1749181858.8
30,0.076207,0.005807,0.001000,27,1749181859.9
40,0.065310,0.004265,0.001000,27,1749181860.8
50,0.053445,0.002856,0.001000,27,1749181861.7
60,0.050777,0.002578,0.001000,27,1749181862.7
70,0.045018,0.002027,0.001000,27,1749181863.7
80,0.042251,0.001785,0.001000,27,1749181864.8
90,0.038589,0.001489,0.001000,27,1749181865.9
100,0.036168,0.001308,0.001000,27,1749181867.1
110,0.036422,0.001327,0.001000,27,1749181868.2
120,0.037697,0.001421,0.001000,27,1749181869.4
130,0.043542,0.001896,0.001000,27,1749181870.5
140,0.034395,0.001183,0.001000,27,1749181871.7
150,0.031526,0.000994,0.001000,27,1749181872.8
160,0.039338,0.001547,0.001000,27,1749181873.9
170,0.031013,0.000962,0.001000,27,1749181875.0
180,0.035454,0.001257,0.001000,27,1749181876.1
190,0.048220,0.002325,0.001000,27,1749181877.2
200,0.030623,0.000938,0.001000,27,1749181878.3
210,0.027817,0.000774,0.001000,27,1749181879.4
220,0.030827,0.000950,0.001000,27,1749181880.5
230,0.035905,0.001289,0.001000,27,1749181881.7
240,0.029380,0.000863,0.001000,27,1749181882.8
250,0.027359,0.000749,0.001000,27,1749181883.9
260,0.030875,0.000953,0.001000,27,1749181885.0
270,0.027448,0.000753,0.001000,27,1749181886.0
280,0.031059,0.000965,0.001000,27,1749181887.0
290,0.025989,0.000675,0.001000,27,1749181888.0
300,0.029986,0.000899,0.001000,27,1749181889.0
310,0.029444,0.000867,0.001000,27,1749181890.1
320,0.035085,0.001231,0.001000,27,1749181891.2
330,0.025498,0.000650,0.001000,27,1749181892.3
340,0.031292,0.000979,0.001000,27,1749181893.4
350,0.027230,0.000741,0.001000,27,1749181894.5
360,0.034110,0.001164,0.001000,27,1749181895.5
370,0.022256,0.000495,0.001000,27,1749181896.5
380,0.023327,0.000544,0.001000,27,1749181897.5
390,0.027209,0.000740,0.001000,27,1749181898.4

# Total execution time: 65.69 seconds
