# Model Configuration
# Input dimension: 579
# Output dimension: 1000
# Hidden layers: [256, 128]
# Activation: relu {}
# Output activation: elu {'alpha': 0.01, 'beta': 0.01}
# Optimizer: adam {'lr': 0.001}
# Dropout rate: 0.2
# Batch normalization: False
# Residual connections: False
# Weight decay: 0.0
# Training Metrics
epoch,rmse,loss,learning_rate,batch_size,time
0,0.194809,0.037951,0.001000,27,1749181929.0
10,0.129525,0.016777,0.001000,27,1749181930.1
20,0.126217,0.015931,0.001000,27,1749181931.2
30,0.119320,0.014237,0.001000,27,1749181932.3
40,0.100656,0.010132,0.001000,27,1749181933.4
50,0.099859,0.009972,0.001000,27,1749181934.4
60,0.098479,0.009698,0.001000,27,1749181935.5
70,0.093208,0.008688,0.001000,27,1749181936.6
80,0.089299,0.007974,0.001000,27,1749181937.6
90,0.081904,0.006708,0.001000,27,1749181938.6
100,0.091290,0.008334,0.001000,27,1749181939.6
110,0.083892,0.007038,0.001000,27,1749181940.6
120,0.086355,0.007457,0.001000,27,1749181941.6
130,0.084972,0.007220,0.001000,27,1749181942.7
140,0.085285,0.007274,0.001000,27,1749181943.7
150,0.078010,0.006085,0.001000,27,1749181944.7
160,0.083614,0.006991,0.001000,27,1749181945.6
170,0.080338,0.006454,0.001000,27,1749181946.6
180,0.075046,0.005632,0.001000,27,1749181947.5
190,0.075845,0.005752,0.001000,27,1749181948.6
200,0.079528,0.006325,0.001000,27,1749181949.6
210,0.080382,0.006461,0.001000,27,1749181950.6
220,0.076106,0.005792,0.001000,27,1749181951.6
230,0.076245,0.005813,0.001000,27,1749181952.7
240,0.077320,0.005978,0.001000,27,1749181953.7
250,0.077799,0.006053,0.001000,27,1749181954.7
260,0.076211,0.005808,0.001000,27,1749181955.7
270,0.075905,0.005762,0.001000,27,1749181956.7
280,0.076859,0.005907,0.001000,27,1749181957.8
290,0.071489,0.005111,0.001000,27,1749181958.8
300,0.073508,0.005403,0.001000,27,1749181959.8
310,0.077237,0.005966,0.001000,27,1749181960.8
320,0.072495,0.005255,0.001000,27,1749181961.8
330,0.073217,0.005361,0.001000,27,1749181962.8
340,0.072889,0.005313,0.001000,27,1749181963.8
350,0.071757,0.005149,0.001000,27,1749181964.8
360,0.075133,0.005645,0.001000,27,1749181965.8
370,0.074397,0.005535,0.001000,27,1749181966.8
380,0.071310,0.005085,0.001000,27,1749181967.7
390,0.072090,0.005197,0.001000,27,1749181968.6

# Total execution time: 58.88 seconds
