# Model Configuration
# Input dimension: 579
# Output dimension: 1000
# Hidden layers: [256, 128]
# Activation: relu {}
# Output activation: elu {'alpha': 0.01, 'beta': 0.01}
# Optimizer: adam {'lr': 0.001}
# Dropout rate: 0.0
# Batch normalization: True
# Residual connections: False
# Weight decay: 0.0
# Training Metrics
epoch,rmse,loss,learning_rate,batch_size,time
0,0.249408,0.062204,0.001000,27,1749182063.1
10,0.120312,0.014475,0.001000,27,1749182064.2
20,0.121406,0.014739,0.001000,27,1749182065.4
30,0.121690,0.014808,0.001000,27,1749182066.5
40,0.109930,0.012085,0.001000,27,1749182067.6
50,0.104419,0.010903,0.001000,27,1749182068.7
60,0.096366,0.009286,0.001000,27,1749182069.8
70,0.099677,0.009936,0.001000,27,1749182070.9
80,0.093944,0.008826,0.001000,27,1749182071.9
90,0.089197,0.007956,0.001000,27,1749182073.1
100,0.085763,0.007355,0.001000,27,1749182074.2
110,0.089503,0.008011,0.001000,27,1749182075.3
120,0.085460,0.007303,0.001000,27,1749182076.4
130,0.087296,0.007621,0.001000,27,1749182077.5
140,0.087136,0.007593,0.001000,27,1749182078.7
150,0.083087,0.006903,0.001000,27,1749182079.8
160,0.080898,0.006545,0.001000,27,1749182081.0
170,0.083152,0.006914,0.001000,27,1749182082.2
180,0.077996,0.006083,0.001000,27,1749182083.4
190,0.080935,0.006551,0.001000,27,1749182084.5
200,0.076466,0.005847,0.001000,27,1749182085.7
210,0.076732,0.005888,0.001000,27,1749182086.8
220,0.076710,0.005884,0.001000,27,1749182088.0
230,0.078576,0.006174,0.001000,27,1749182089.1
240,0.075430,0.005690,0.001000,27,1749182090.1
250,0.078384,0.006144,0.001000,27,1749182091.2
260,0.081830,0.006696,0.001000,27,1749182092.3
270,0.074225,0.005509,0.001000,27,1749182093.4
280,0.075186,0.005653,0.001000,27,1749182094.5
290,0.077398,0.005990,0.001000,27,1749182095.6
300,0.073316,0.005375,0.001000,27,1749182096.7
310,0.074321,0.005524,0.001000,27,1749182097.8
320,0.073075,0.005340,0.001000,27,1749182098.9
330,0.074101,0.005491,0.001000,27,1749182100.1
340,0.076169,0.005802,0.001000,27,1749182101.2
350,0.072965,0.005324,0.001000,27,1749182102.5
360,0.076193,0.005805,0.001000,27,1749182103.6
370,0.073172,0.005354,0.001000,27,1749182104.8
380,0.070176,0.004925,0.001000,27,1749182105.9
390,0.071611,0.005128,0.001000,27,1749182107.0

# Total execution time: 63.45 seconds
